Template: LI_SettingsTemplate_summit
RainIntensity: 0.03334477
RumbleIntensity: 0.03334477
WaveSpeed: 0.4999951
WaveLength: 0.9999976
WaveAmplitude: 1.450702E-06
SecondWaveLength: 0.1666667
SecondWaveAmplitude: 0
EffectColorA: 10
EffectColorB: 5
Effects: AboveCloudsView-1-277.6271-35.73125, 
PlacedObjects: SnowSource><650.9347><700.3106><Radial~-774.7782~-708.2167~-591.7355~-150.3131~0.4818726~1, SnowSource><-41.01923><333.1097><Radial~40.55312~114.2292~343.1208~127.1556~0.5746716~0, SnowSource><815.6964><701.9304><Radial~-187.1135~-261.4208~149.6042~-238.5339~0.6210698~1, CustomDecal><-125.5518><184.19><-2.134384~128.2209~221.4218~124.6635~223.5564~-5.691696~441.8156~-31.30417~0.6418597~0.7138699~0~ngiminesblue~0.3040075~1~0.5050719~1~0.502661~1~0.6210705~1, CustomDecal><62.28297><281.8074><2.134384~449.8~321.0259~447.6656~298.2593~3.557281~-249.7219~170.75~0.3093295~0.6520034~0~rustb3~0.497339~1~0.497339~1~0.497339~1~0.497339~1, CustomDecal><129.6743><56.10351><24.18962~138.1813~81.26462~133.201~79.13019~7.826042~179.999~-68.29997~0~1~0~rust3~1~1~1~1~0~1~0~1, CustomDecal><248.4615><64.20625><24.18962~138.1813~81.26462~133.201~79.13019~7.826042~179.999~-68.29997~0~1~0~rust3~1~1~1~1~0~1~0~1, 
FadePalette: 41, 0.3093297
MorePalette0: 40, 0.1082651
BackgroundOffset: 4500,-900
BackgroundType: atc_si_msc
