Template: NONE
DangerType: FloodAndRain
Clouds: 0.8583902
Grime: 0.1056044
Palette: 3008
EffectColorA: 10
EffectColorB: 9
Effects: Fog-0.6031927-20-20, 
PlacedObjects: LightSource><796.639><1109.898><0.1338766~White~-90.35522~103.5573~50~86.60254~0~0~None~0~0, LightSource><1268.316><998.2537><0.08747797~White~0~100~-286.5198~-160.985~0~0~None~0~0, LightSource><727.4456><294.8263><0.3581413~White~-57.62817~185.375~50~86.60254~0~0~None~0~0, Mushroom><783.868><274.6216><0~0~2~3, Mushroom><803.9801><280.1253><0~0~2~3, Mushroom><659.4666><285.1283><0~0~2~3, Mushroom><690.4529><304.6817><0~0~2~3, Mushroom><741.6624><298.1648><0~0~2~3, Mushroom><723.7589><298.9804><0~0~2~3, LightSource><630.8555><1389.091><0.03334477~Environment~-197.7854~-592.9604~-386.124~-279.7985~1~1~None~0~0, KarmaFlower><1212.606><1004.604><0~0~5~7, CustomDecal><-60.14468><-22.32459><0~1519.122~1360.467~1521.968~1364.024~-1.422917~353.5948~326.5594~0~1~0~blackrust1~0.7629302~1~0.7629302~1~0.7629302~1~0.7629302~1, CustomDecal><455.3332><730.1057><-49.80209~740.7865~370.8281~729.403~324.5834~-5.691635~-434.701~90.35522~0.317063~1~0~rust3~0.6752041~1~0.6752041~1~0.543739~1~0.4122739~1, 
FadePalette: 8, 0.5026607, 0.672792
