Palette: 3008
Effects: Fog-0.1546649-20-20, 
PlacedObjects: LightSource><2194.868><335.0288><0.04881088~Environment~-984.6582~-15.96771~-353.3969~-146.0443~1~1~None~0~0, LightSource><-180.9597><344.7529><0.09521069~Environment~1301.969~-131.224~50~86.60254~1~1~None~0~0, 
FadePalette: 3003, 0.2087975, 0.2087975
MorePalette0: 8, 0.1082658, 0.1082651
