BkgDroneVolume: 0.2072011
PlacedObjects: LightSource><166.8735><1050.46><0.05413288~Environment~1728.132~-1100.23~134.6637~-79.87872~1~1~None~0~0, LightBeam><687.8699><122.1266><-1029.48~1147.741~-419.6021~1149.875~1178.333~127.351~0~0~0.4~0.1005319~0~1~None~0~0, InsectGroup><1707.631><-14.01941><-1066.476~596.5979~-357.152~87.50934~FireFly~0.1520041, InsectGroup><194.1837><835.0845><202.7656~197.4698~0~0~GrassHopper~0.1520041, CustomDecal><-21.79928><707.3271><-1.422917~225.6906~585.6886~225.6906~592.0917~-9.155273E-05~791.1416~-59.05109~0.3247966~1~0~ngiminesblue~0.1752034~1~0.5~1~0.7847018~1~0.7242631~1, CustomDecal><570.066><708.6135><-6.403076~235.651~75.57294~155.2563~48.53754~0~-576.9927~-62.60834~0~1~0~ngiminesblue~0.5~1~0.5~1~0.5~1~0.5~1, CustomDecal><721.5041><797.8714><-17.78644~182.2917~-897.702~211.4614~-897.7021~23.47812~-129.7513~-392.0135~0.3247681~1~0~blackrust1~1~1~1~1~1~1~1~1, CustomDecal><1251.608><403.8107><-27.74683~105.4542~150.9875~95.4938~149.5645~18.49789~-433.2781~-131.6198~0.3093298~1~0~sadcat~0.5~0.162398~0.5~0.162398~0.5~0.162398~0.2602695~0.162398, 
FadePalette: 8, 0.1546649, 0.409862
MorePalette0: 3008, 0.2087973, 0.4098617
