Clouds: 0.1933312
Grime: 0.1752034
Palette: 3003
EffectColorA: 4
EffectColorB: 5
Effects: Fog-1-20-20, 
PlacedObjects: CustomDecal><68.61414><-14.65601><-101.0271~547.9813~1092.247~528.7719~1089.401~-4.26875~559.2062~91.77814~0~1~0~rustb1~1~1~1~1~0.3194753~1~0.2962753~1, CustomDecal><949.6427><-11.20835><-101.0271~547.9813~1246.633~520.9459~1241.653~-1.422917~559.2062~91.77814~0~1~0~rustb1~1~1~1~1~0.3194753~1~0.2962753~1, CustomDecal><1862.924><-10.49689><-101.0271~547.9813~1365.447~524.5032~1366.87~-1.422917~559.2062~91.77814~0~1~0~rustb1~1~1~1~1~0.3194753~1~0.2962753~1, CustomDecal><2890.234><-14.05417><-101.0271~547.9813~1365.447~524.5032~1366.87~-1.422917~559.2062~91.77814~0~1~0~rustb1~1~1~1~1~0.3194753~1~0.2962753~1, 
