Clouds: 0.3015966
Effects: LightRain-0.3093302-479.6812-582.1313, BorderPushBack-1-356.5198-132.4104, 
FadePalette: 3002, 0.2551971, 0.3015963, 0.3557293, 0.4098617
