Template: LI_SettingsTemplate_summit
DangerType: Blizzard
RainIntensity: 0.08747764
RumbleIntensity: 0
WaveSpeed: 0.5001304
WaveLength: 0.9999348
WaveAmplitude: 5.028817E-09
SecondWaveLength: 0.1666667
SecondWaveAmplitude: 0
BkgDroneVolume: 0.1530685
EffectColorB: 9
Effects: AboveCloudsView-1-720.826-368.6542, 
PlacedObjects: SnowSource><2113.275><2100.411><None~-112.4103~-698.9677~-12.60834~-243.5141~0.3968065~0.2938634, SnowSource><3497.531><1808.79><None~452.4876~-895.33~-12.60834~-243.5141~0.3968065~0.2938634, SnowSource><3285.814><896.5728><None~278.1802~273.5959~-126.4417~-143.1985~0.203476~0, SnowSource><3814.842><896.6721><None~278.1802~273.5959~-228.8916~-40.03705~0.203476~0, SnowSource><2319.971><1337.844><None~817.4656~188.2209~434.899~130.0015~0.203476~0, SnowSource><1072.533><538.2824><None~665.9248~119.2095~-157.0344~-294.739~0.203476~0, SnowSource><1697.537><1188.821><Radial~496.598~-287.0333~50~86.60254~0.5205383~0.2861302, CustomDecal><2591.301><421.6635><26.32397~-662.9209~686.0042~-659.3635~661.1032~-3.557292~-362.1323~-413.3573~0.6263932~1~0~roundblack~1~0~1~0~1~0~1~0, CustomDecal><2586.057><426.5833><26.32397~-662.9209~686.0042~-659.3635~661.1032~-3.557292~-362.1323~-413.3573~0.6263932~1~0~roundblack~1~0~1~0~1~0~1~0, CustomDecal><2582.5><422.3146><26.32397~-662.9209~686.0042~-659.3635~661.1032~-3.557292~-362.1323~-413.3573~0.6263932~1~0~roundblack~1~0~1~0~1~0~1~0, SuperStructureFuses><2456.812><334.1823><119~19, DeepProcessing><2135.17><-52.93327><1~59~285~60~284~3~-278~132~0.3043478~1~0.1086956, DeepProcessing><2135><125><1~59~285~60~284~3~-278~132~0.3043478~1~0.1086956, SuperStructureFuses><3793.685><114.173><60~95, 
AmbientSounds: SPOT><AM_WIN-HowlingWnd.ogg><704.5211><553.1655><0.4304007><0.5128053><2616.035><-59.77191><148.2009><337.4489><0><0.2391994, 
FadePalette: 41, 0.3711953, 0.3789288, 0.3789282, 0.3711953, 0.3634624, 0.363463, 0.3789295, 0.3557295, 0.363463, 0.3557295, 0.3479959, 0.3557301
MorePalette0: 40, 0.1314657, 0.1546651, 0.1082658, 0.1005329, 0.1082658, 0.06959932, 0.139198, 0.1082651, 0, 0, 0.09279931, 0.1005322
MorePalette1: 8, 0, 0, 0, 0, 0, 0.1082658, 0, 0, 0.3015959, 0.502661, 0, 0
BackgroundOffset: 4500,-800
BackgroundType: atc_si_msc
