WaveSpeed: 0.4745124
WaveLength: 0.9872562
WaveAmplitude: 2.67848E-07
SecondWaveLength: 0.1666667
SecondWaveAmplitude: 0
BkgDroneVolume: 0
Effects: WaterDepth-0.03093255-216.4417-81.97604, 
PlacedObjects: CGDrySpot><741.4691><378.2133><100~50~-864.7373^212.4104~True~None, PlacedWaterfall><92.09895><491.8156><100~50~4~1, PlacedWaterfall><119.5158><469.7736><100~50~4~1, PlacedWaterfall><86.60834><737.4134><100~50~4~1, WaterSpout><144.5541><601.1668><-17.39067~-221.0656~50~1~-88.9323^-17.60834, WaterSpout><106.2484><475.2521><99.28851~-201.8562~15~1~-53.35938^-5.51355, CustomDecal><316.2391><2976.432><8.537506~288.299~927.1885~316.0458~927.8999~-5.691662~597.625~-128.0625~0.6573254~1~0~ngiminesblue~0.5~1~0.5~1~0.2138698~1~0.5386664~1, CustomDecal><1453.066><3047.578><9.249023~395.7291~-1372.245~340.9468~-1372.245~-71.85728~-892.1689~290.2751~0~1~0~rust1~0.7602698~1~0.7061369~1~0.4200068~1~0.3117437~1, CustomDecal><454.0853><998.0093><891.4572~-19.76254~999.046~1533.351~14.38748~1431.454~-298.101~-291.6978~0~1~0~blackrust1~1~1~1~1~0.5~1~0.4896061~1, 
AmbientSounds: SPOT><SO_WAT-RunningWater.ogg><511.4317><326.3503><0.5><0.819042><113.6984><487.3252><-153.4574><83.45816><0><0.3010645, SPOT><SO_WAT-Splashes.ogg><417.6724><418.4739><0.5000007><1.487195><4.99826><400.8729><-12.58868><-100.8095><0><0.3010642, SPOT><SO_WAT-OpenFlow.ogg><537.9988><551.5382><0.5077322><1.153121><108.9614><531.0914><-164.8408><-111.4814><0><0.404541, 
