RainIntensity: 1
WaveSpeed: 0.5827043
WaveAmplitude: 0.6109261
SecondWaveAmplitude: 0.6109257
BkgDroneVolume: 0.2010644
Effects: Fog-1-190.1177-137.4698, 
PlacedObjects: CustomDecal><709.3066><3159.478><67.58862~342.3698~539.4439~345.9272~527.349~-24.90105~-674.4624~121.6594~0~0.3194753~0~ngiminesblue~0.5773322~1~0.3840013~1~0~1~0.3298681~1, CustomDecal><597.648><3460.613><76.83746~175.1771~706.6365~170.9083~715.8854~-47.66772~-519.3646~-156.5209~0~0.6520041~0~blackrust1~1~1~1~1~0.6210712~1~0.4818732~1, CustomDecal><909.7606><3199.485><-17.78644~118.2604~111.1458~117.549~109.0115~0~-534.3052~-134.4656~0~1~0~runningwhite~0.5~1~0.5~1~0.2757356~1~0.3685356~1, CustomDecal><796.6384><3271.52><-2.845947~239.2084~452.6459~235.651~443.3969~-68.29999~-337.9427~-83.2406~0.04639933~1~0~roundblack~1~0~1~0~1~0~1~0, CustomDecal><796.2844><3271.794><-2.845947~239.2084~452.6459~235.651~443.3969~-68.29999~-544.9771~-51.22498~0.04639999~1~0~roundblack~1~0~1~0~1~0~1~0, CustomDecal><797.7072><3271.794><-2.845947~239.2084~452.6459~235.651~443.3969~-68.29999~-789.7188~-248.299~0.04639866~1~0~roundblack~1~0~1~0~1~0~1~0, InsectGroup><613.5436><3094.654><-107.4302~170.4344~0~0~GrassHopper~0.1210705, InsectGroup><1130.429><3630.08><-162.924~92.17401~-293.1208~-128.0625~GrassHopper~0.291202, CustomDecal><398.5289><3196.487><-29.88126~285.4532~212.8843~288.299~168.0626~-4.980194~-362.1259~-209.8802~0.5026607~1~0~rust3~0.06427765~1~0.3117414~1~1~1~1~1, CustomDecal><599.2104><3209.897><-8.537537~280.473~185.1375~283.3188~168.0626~-4.980194~-563.4686~56.91669~0.5026607~1~0~rust2~0.3426746~1~0.5437383~1~0.8144024~1~0.7757363~1, CustomDecal><178.9953><294.053><-36.28442~327.4292~203.6354~338.1011~166.6396~-4.268738~344.3458~-99.60413~0.3247959~0.6210719~0~rustb3~1~1~1~1~1~1~1~1, CustomDecal><686.5019><960.2683><-12.80621~375.0969~330.275~391.4604~381.5002~41.97598~-600.4708~-91.06662~0~1~0~blackrust1~1~1~0.5~1~0.5~1~0.5~1, CustomDecal><154.9682><1515.299><3.557312~262.6865~597.0718~259.8406~591.3802~3.557289~146.5604~265.374~0~0~0~ngiminesblue~0.5695993~1~0.2293363~1~0.182937~1~0.7757356~1, CustomDecal><102.5289><1362.459><-19.92082~453.3573~64.90109~318.8917~57.07501~0~251.8563~251.1448~0~1~0~rust1~1~1~1~1~1~1~1~1, CustomDecal><333.8524><3193.794><-5.691681~88.37918~392.8833~99.05106~395.0177~7.826035~-434.701~-105.2958~0.317063~1~0~blueface~0.3453352~0.06959915~0.4381339~0.06959915~0.5~0.7423913~0.5~0.3557291, 
AmbientSounds: SPOT><AM_WAT-Sea01.ogg><708.4524><191.7445><0.5><1><37.62946><218.8112><575.076><1084.48><0><1, SPOT><AM_WAT-Sea02.ogg><399.2431><494.2863><0.5><1><77.03473><208.3113><385.828><492.5468><0><1, SPOT><AM_WAT-Sea03.ogg><399.1563><232.6013><0.5><1><7.224976><204.8857><1032.544><502.5072><0><1, OMNI><SO_WAT-OpenFlow.ogg><593.828><580.1343><0.5><0.3736085, 
FadePalette: 35, 0, 0, 0, 0, 0
