Template: LI_SettingsTemplate_inside
Clouds: 0.3557288
Grime: 0.1752037
Palette: 3003
EffectColorA: 10
EffectColorB: 5
Effects: LightBurn-0.2397303-20-20, RockFlea-0.4949274-262.6469-71.97605, 
PlacedObjects: LightSource><1200.549><709.6609><0.05413288~Environment~-413.3574~-358.1791~-652.2095~-281.2214~1~1~None~0~0, LightBeam><446.2546><101.5706><692.249~676.7554~992.6427~666.0834~316.0458~-34.86146~318.0219~162.2125~0.1138697~0.2165308~0~1~None~0~0, InsectGroup><1061.722><573.5231><-390.5906~63.00415~-202.0541~-102.45~Moth~0.2912027, CustomDecal><799.8136><44.09673><4.268799~634.7792~325.2949~657.5458~293.2792~-30.5927~-314.4646~188.5365~0~1~0~rust2~1~0~1~0~0~0~0~0, CustomDecal><-40.88669><4.945821><0~567.902~1272.246~427.0333~1360.467~0.7114583~0~0~0.3015964~1~0~blackrust1~0~1~0.6186595~1~0~1~1~1, CustomDecal><144.2449><333.6874><-36.28435~284.0302~167.3511~288.2989~123.952~-81.10626~-7.114563~-313.0417~0.3247963~0.4354736~0~rust1~1~1~1~1~0.3658743~1~0.2421427~1, CustomDecal><249.2451><232.3413><17.07501~215.7302~190.8292~252.0146~151.699~-50.51357~163.6355~-143.7146~0.3170637~1~0~ngimrshape~0.7861301~0.3557301~0.5~0~0.5~0~0.08240476~0.5335939, CustomDecal><354.4293><515.6213><-14.22917~102.6084~52.80627~97.62811~40~0~-356.4406~-278.8916~0.3093297~1~0~ghostling2~0.407201~0.1701314~0.407201~0.1701314~0.407201~0.1701314~0.407201~0.1701314, CustomDecal><81.69633><261.7388><-12.09479~57.78644~95.49376~67.74686~100.474~9.248962~586.2416~110.276~0.317063~1~0~whitetag10~0.5~0~0.5~0~0.5~0~0.5~0, CustomDecal><640.7395><435.4443><-4.980225~101.1854~91.9364~94.78235~81.97595~2.134338~-349.326~-140.1573~0~0.3117408~0.1933309~widerabbithead~0.3453354~0.1855977~0.2834693~0.1855977~0.2216035~0.1855977~0.2370696~0.1855977, 
FadePalette: 8, 0.2087976
