Clouds: 0.8351905
Grime: 0.09013798
Palette: 3003
EffectColorB: 5
Effects: LightRain-0.6495923-20-20, ReplaceEffectColorA-0-315.2948-90.47395-Color-0.6109261-0.4949278-1, Fog-1-601.3406-545.8469, GreenSparks-0.02320064-844.6594-409.2469, 
PlacedObjects: LightFixture><1051.113><618.2096><RedLight~17.32051~-10~18, WallSteamer><656.1742><538.5049><-108.8531~-80.71045, WallSteamer><591.678><612.4517><-232.6469~68.6958, WallSteamer><630.4684><592.7688><-112.4103~90.7511, WallSteamer><609.9702><554.736><-139.4459~-8.141602, WallSteamer><875.813><525.5038><-42.68744~-66.4812, SteamPipe><976.2708><16.81473><-36.99573~46.64062, WallSteamer><481.7506><67.78561><-79.68335~165.4542, WallSteamer><692.5566><-0.6524649><0~100, WallSteamer><803.7985><82.24383><0~100, WallSteamer><464.686><34.78609><-155.8094~21.73958, CustomDecal><666.7556><537.4327><-2.845886~124.6636~227.1135~91.93646~214.3073~-46.95618~-372.0927~-184.9792~0.02319999~1~0~porl~0.5~0.3711953~0.817063~0.3711953~0.3453356~0.7423912~0.5~0.3711953, 
AmbientSounds: OMNI><am_env-natwind.ogg><888.0645><36.98869><0.3530691><1, OMNI><am_env-winterhum.ogg><800.2148><42.49381><0.2293363><1, OMNI><am_rain-mehthunder.ogg><1121.792><514.3887><0.2448034><1, OMNI><am_rain-quietthunder.ogg><209.8197><653.4631><0.2680027><1, OMNI><am_rain-rollingthunder.ogg><478.4348><426.2229><0.2834685><1, SPOT><am_env-wallhum.ogg><435.7399><72.07785><0.3917342><0.9582412><1111.708><543.8695><-276.5397><-159.8605><0><0.2855974, SPOT><am_win-medwind.ogg><24.57837><172.8332><0.5><1><-85.61542><126.6832><234.9988><13.02383><0><0.3861296, OMNI><msc-metalvariety.ogg><429.7201><685.78><0.09013831><0.8468828, SPOT><am_ind-50hz.ogg><157.1917><153.4884><0.3066688><1><980.4313><287.3374><-43.89282><-36.0668><0><0.1, SPOT><so_ind-heatduct.ogg><155.7378><264.115><0.3530685><1.069599><912.1005><593.6151><-150.6116><-61.6792><0><0.1773325, 
FadePalette: 3002, 0.6650588
