Template: NONE
DangerType: Flood
Clouds: 0.8893231
Grime: 0.1210712
BkgDroneVolume: 0.1066692
Palette: 13
EffectColorA: 9
EffectColorB: 6
Effects: Darkness-0-20-20, SilenceWater-0.5645267-80.51355-108.9719, Fog-0.6031927-54.94064-106.8771, Wasp-0.1082654-314.5834-42.80625, Moth-0.3015964-30-30, RockFlea-0.1005322-788.4542-451.2229, WaterFluxMaxLevel-0.6031932-398.575-189.4063, WaterFluxMinLevel-0.6031925-427.7844-230.7104, 
PlacedObjects: LightSource><508.2776><572.4006><0.1029431~Environment~653.8302~-627.1105~-11.18549~-424.2246~1~1~None~0~0, CustomDecal><1906.647><278.8441><20.63245~187.2719~-228.2199~217.1532~-321.4209~42.6875~-922.05~-75.41455~0.3015959~0.4741397~0~ngiweirdgang~1~0~1~0~0.7370698~0~0.1493434~0.1469315, CustomDecal><153.4462><605.0986><115.2563~-1.264526~101.1854~-399.6812~-9.090607~-392.0135~269.6427~-359.998~0~1~0~jellyfish~0.7010638~0.4949268~0.4149349~0~0.1597376~1~0.5~0, CustomDecal><1698.047><476.9633><-188.5364~-35.41461~-204.0301~-111.5406~-1.975952~-127.3511~-609.7198~-338.6541~0.3247959~1~0~crudebubblyb&w~0.5592054~0~0.9226678~0~1~0.7191912~0.9226678~0, CustomDecal><1195.811><377.8564><-9.960388~67.0354~109.7229~93.35944~105.4542~17.07501~-344.3458~-220.5521~0.3247961~1~0~whiteunfinished~0.5~0.1082656~1~0.1082656~1~0.1082656~0.5~0.1082656, ExitSymbolHidden><1729.456><198.8896><, 
AmbientSounds: OMNI><AM_ENV-Pasture.ogg><747.1826><462.3149><0.3066678><1, OMNI><AM_ENV-Forest.ogg><740.9438><534.4285><0.3066691><1, OMNI><AM_ENV-Outside.ogg><813.4169><221.3972><0.5><1, SPOT><AM_ENV-Woods.ogg><708.4126><369.6597><0.5><1><496.8751><645.642><212.9437><-262.3105><0><1, SPOT><AM_ENV-LushNight.ogg><446.0443><526.6026><0.5><1><487.786><628.9891><243.5363><-203.9709><0><1, SPOT><AM_IND-Utility04.ogg><1179.882><343.4049><0.2834698><0.9443208><1912.219><548.2415><-124.999><-102.9438><0.05413288><0.3783954, OMNI><SO_WAT-LilDrips.ogg><615.3024><247.915><0.3221356><1.403674, 
FadePalette: 11, 0.1546647, 0.1546649
MorePalette0: 8, 0.2087973, 0.3093302
